      MDL_CABI = 2.277360D-01
      AEWM1 = 1.279000D+02
      MDL_GF = 1.166370D-05
      AS = 1.184000D-01
      MDL_YMB = 4.700000D+00
      MDL_YMT = 1.720000D+02
      MDL_YMTAU = 1.777000D+00
      MDL_LAMBDA = 5.000000D+03
      MDL_CA = 1.000000D+00
      MDL_KSM = 5.000000D-02
      MDL_KHTT = 0.000000D+00
      MDL_KATT = 0.000000D+00
      MDL_KHBB = 0.000000D+00
      MDL_KABB = 0.000000D+00
      MDL_KHLL = 0.000000D+00
      MDL_KALL = 0.000000D+00
      MDL_KHAA = 0.000000D+00
      MDL_KAAA = 0.000000D+00
      MDL_KHZA = 0.000000D+00
      MDL_KAZA = 0.000000D+00
      MDL_KHGG = 0.000000D+00
      MDL_KAGG = 0.000000D+00
      MDL_KHZZ = -5.248100D-01
      MDL_KAZZ = 0.000000D+00
      MDL_KHWW = -5.248100D-01
      MDL_KAWW = 0.000000D+00
      MDL_KHDA = 0.000000D+00
      MDL_KHDZ = -2.624050D-01
      MDL_KHDWR = -2.624050D-01
      MDL_KHDWI = 0.000000D+00
      MDL_KHHGG = 1.000000D+00
      MDL_KAAGG = 1.000000D+00
      MDL_KQA = 1.000000D+00
      MDL_KQB = 1.000000D+00
      MDL_KLA = 1.000000D+00
      MDL_KLB = 1.000000D+00
      MDL_KW1 = 1.000000D+00
      MDL_KW2 = 1.000000D+00
      MDL_KW3 = 0.000000D+00
      MDL_KW4 = 0.000000D+00
      MDL_KW5 = 0.000000D+00
      MDL_KZ1 = 0.000000D+00
      MDL_KZ3 = 1.000000D+00
      MDL_KZ5 = 0.000000D+00
      MDL_KQ = 1.000000D+00
      MDL_KQ3 = 1.000000D+00
      MDL_KL = 1.000000D+00
      MDL_KG = 1.000000D+00
      MDL_KA = 1.000000D+00
      MDL_KZ = 1.000000D+00
      MDL_KW = 1.000000D+00
      MDL_KZA = 0.000000D+00
      MDL_MZ = 9.118760D+01
      MDL_MTA = 1.777000D+00
      MDL_MT = 1.720000D+02
      MDL_MB = 4.700000D+00
      MDL_MX0 = 6.000000D+02
      MDL_MX1 = 1.250000D+02
      MDL_MX2 = 1.250000D+02
      MDL_WZ = 2.495200D+00
      MDL_WW = 2.085000D+00
      MDL_WT = 1.508336D+00
      MDL_WX0 = 1.505900D-01
      MDL_WX1 = 4.070000D-03
      MDL_WX2 = 4.070000D-03
