      MU_R = 9.118800D+01
      MP__MU_R = 9.118800E+01_16
      AEWM1 = 1.325070D+02
      MP__AEWM1 = 1.325070E+02_16
      MDL_GF = 1.166390D-05
      MP__MDL_GF = 1.166390E-05_16
      AS = 1.180000D-01
      MP__AS = 1.180000E-01_16
      MDL_YMB = 4.700000D+00
      MP__MDL_YMB = 4.700000E+00_16
      MDL_YMT = 1.730000D+02
      MP__MDL_YMT = 1.730000E+02_16
      MDL_YMTAU = 1.777000D+00
      MP__MDL_YMTAU = 1.777000E+00_16
      MDL_MT = 1.730000D+02
      MP__MDL_MT = 1.730000E+02_16
      MDL_MB = 4.700000D+00
      MP__MDL_MB = 4.700000E+00_16
      MDL_MZ = 9.118800D+01
      MP__MDL_MZ = 9.118800E+01_16
      MDL_MTA = 1.777000D+00
      MP__MDL_MTA = 1.777000E+00_16
      MDL_WT = 1.491500D+00
      MP__MDL_WT = 1.491500E+00_16
      MDL_WZ = 2.441404D+00
      MP__MDL_WZ = 2.441404E+00_16
      MDL_WW = 2.047600D+00
      MP__MDL_WW = 2.047600E+00_16
      MDL_MX0 = 3.000000D+02
      MP__MDL_MX0 = 3.000000E+02_16
      MDL_WX0 = 1.060470D+00
      MP__MDL_WX0 = 1.060470E+00_16
      MDL_LAMBDA = 5.000000D+03
      MP__MDL_LAMBDA = 5.000000E+03_16
      MDL_COSA = 1.000000D+00
      MP__MDL_COSA = 1.000000E+00_16
      MDL_KSM = 5.000000D-02
      MP__MDL_KSM = 5.000000E-02_16
      MDL_KHTT = 0.000000D+00
      MP__MDL_KHTT = 0.000000E+00_16
      MDL_KATT = 0.000000D+00
      MP__MDL_KATT = 0.000000E+00_16
      MDL_KHBB = 0.000000D+00
      MP__MDL_KHBB = 0.000000E+00_16
      MDL_KABB = 0.000000D+00
      MP__MDL_KABB = 0.000000E+00_16
      MDL_KHLL = 0.000000D+00
      MP__MDL_KHLL = 0.000000E+00_16
      MDL_KALL = 0.000000D+00
      MP__MDL_KALL = 0.000000E+00_16
      MDL_KHAA = 0.000000D+00
      MP__MDL_KHAA = 0.000000E+00_16
      MDL_KAAA = 0.000000D+00
      MP__MDL_KAAA = 0.000000E+00_16
      MDL_KHZA = 0.000000D+00
      MP__MDL_KHZA = 0.000000E+00_16
      MDL_KAZA = 0.000000D+00
      MP__MDL_KAZA = 0.000000E+00_16
      MDL_KHZZ = 8.156120D+00
      MP__MDL_KHZZ = 8.156120E+00_16
      MDL_KAZZ = 0.000000D+00
      MP__MDL_KAZZ = 0.000000E+00_16
      MDL_KHWW = 1.049620D+01
      MP__MDL_KHWW = 1.049620E+01_16
      MDL_KAWW = 0.000000D+00
      MP__MDL_KAWW = 0.000000E+00_16
      MDL_KHDA = 0.000000D+00
      MP__MDL_KHDA = 0.000000E+00_16
      MDL_KHDZ = 0.000000D+00
      MP__MDL_KHDZ = 0.000000E+00_16
      MDL_KHDWR = 0.000000D+00
      MP__MDL_KHDWR = 0.000000E+00_16
      MDL_KHDWI = 0.000000D+00
      MP__MDL_KHDWI = 0.000000E+00_16
